FileName: 17896669.sb2			ID: 305			Method: url			Time: 2015-10-24 08:54:56.074524
FileName: 17896669.sb2			ID: 306			Method: url			Time: 2015-10-24 09:04:56.872401
FileName: 17896669.sb2			ID: 307			Method: url			Time: 2015-10-24 22:48:37.112674
