FileName: 17896669000.sb2			ID: 22			Method: url			Time: 2015-06-21 08:47:09.711774
FileName: 17896669.sb2			ID: 23			Method: url			Time: 2015-06-21 20:35:11.526217
