FileName: 17896669.sb2			ID: 50			Method: csv			Time: 2015-07-05 11:34:29.913239
FileName: 17896669.sb2			ID: 51			Method: csv			Time: 2015-07-05 11:40:42.468075
