FileName: 17896669.sb2			ID: 19			Method: url			Time: 2015-06-19 08:19:31.032017
FileName: 17896669.sb2			ID: 20			Method: url			Time: 2015-06-20 17:36:49.829562
FileName: 17896669.sb2			ID: 21			Method: url			Time: 2015-06-20 18:00:13.302926
