FileName: 17896669.sb2			ID: 309			Method: url			Time: 2015-10-24 23:59:03.130101
FileName: 17896669.sb2			ID: 310			Method: url			Time: 2015-10-25 00:26:17.283110
