FileName: 17896669.sb2			ID: 58			Method: csv			Time: 2015-07-29 09:03:04.518748
FileName: 17896669.sb2			ID: 59			Method: csv			Time: 2015-07-29 09:04:30.797954
