FileName: 46209950.sb2			ID: 8			Method: csv			Time: 2015-08-24 08:50:48.221948
FileName: 49335402.sb2			ID: 9			Method: csv			Time: 2015-08-24 08:50:53.488447
FileName: 49336196.sb2			ID: 10			Method: csv			Time: 2015-08-24 08:50:58.379733
FileName: 49333588.sb2			ID: 11			Method: csv			Time: 2015-08-24 08:51:02.654143
